1.0265523824654224,0.163928430968758,0.30181839453894277,0.38376598797481426,1.8552871485894644,0.04871583868058755,0.927415162606846,1.8889742157083234,0.1361211792036675,4.340174796659009,0.3319648065408822,0.9801220591251047,0.3868628339920362,0.623954472213975,0.38948518405584936,0.47968176271053037,2.5375312215448846,1.5999330376105656,0.9005802320681897,0.5732060795666534,4.553798592583757,1.0681193231117379,1.7997521917874073,1.4653015926798112
1.603540046849422,0.07433793169168834,0.3954584356389852,1.829728110766076,2.628739586737762,0.3080707780766708,1.1144123555007628,0.19585547904993,0.7047021580635701,2.3156646863817487,0.15430345883957275,0.09874495314058342,0.7567130883250826,0.6852033803412025,2.0902618674907267,2.0561149172715316,0.4094694133319934,1.0145543913320219,0.8493887461719836,0.4191909728259737,5.561668147525747,0.19334836154516882,3.370852803062822,0.11665592310848545
1.2294317260172485,1.5083885920098397,0.17196925156331294,0.5187550001447331,0.6406717129953363,0.981926326295738,0.4159652528548342,0.46889650414996054,2.2659117582018395,0.25423865956961156,0.07312785559140639,0.2767751192254264,0.09613873553856296,0.31430061748156185,0.12161460944006781,0.19120173298924076,0.5231019761862253,0.99426722968806,0.3623982721027798,0.07180906207705456,2.299075199484811,2.1964753067925624,0.3014997848226848,0.9018981835105213
1.4853256873380287,0.26925472719725374,0.06250250232920748,0.17938196200489986,3.77399960444113,0.5676350555517463,0.7342235554663079,2.500259065056852,0.9887481778801201,1.4538308009818048,0.40897332484471943,1.492586496510978,0.7493610377530976,1.178647457711429,0.3322898811395376,0.4565623901253024,0.6761826410578179,1.7630057130078545,0.48424873655613215,0.46184387141366495,0.8247518854119404,1.799860330964545,0.5651840572726163,0.4811207443913604
1.4481820113949218,2.6437985161191087,4.401485746173602,0.6738352487400316,0.2346937901480542,0.8357792302754569,1.4373834257835403,1.680850274124028,0.8014504485964983,0.1472108422030403,2.322544727284257,0.3688925515453322,1.0801863446922915,0.2452489100291958,0.3683323928810492,0.6495450635701776,1.0486600862321571,0.022003205123036718,1.1211287783116373,1.0585510088149304,0.3202651836559618,0.9632115072488472,0.6159414595249183,0.7725112038061718
0.2575362071595971,5.773207669849422,1.187961457290328,0.6683718538563381,0.7114957467740511,1.77631122742439,0.05892475500292327,0.17017231877245817,0.5652328196443529,0.2690895318119683,2.0096634561475804,3.701120444462598,0.03564921825576147,0.3284439598353904,2.383925821666674,0.21080028989325508,0.06026458506292092,7.779289876743823e-05,0.16471095671996736,0.3140429342833896,0.15981156679577616,0.24595412564523997,0.5010233490058433,0.6076730748081332
0.3150631890217461,1.4748521809955222,1.7485301251044183,1.9086562992383644,0.6427513577912278,0.9934326839061319,1.1991228050800704,2.4540645247554025,0.2052063659542697,4.541606158535957,0.05645645791455771,0.03348533342616497,0.543740230749505,0.9663772312363889,1.9356359130655287,1.7347952081731817,0.5221826569355007,1.2922057038453487,3.2021567499996983,1.8401129700661794,0.32119671630347896,0.9760635561814659,1.191490725205878,0.07405145323445106
0.04851265953855131,1.4974516803707758,0.5249427430975105,0.7155210328765239,1.2518728371137418,0.45663585256451716,1.2996262473502866,0.2908625896139867,0.26203708874166826,5.8151604510508115,1.458378477234696,0.1595022622160146,0.816793901652959,0.489728749531464,1.0586113268234736,0.7598120104965292,0.7236008935549508,0.0414234898084541,1.7398696703288432,0.9345772076979445,1.0973450226443402,0.87506171021437,1.737970693924246,1.1455354575847234
3.4484300568442854,0.3106912208429489,0.0003988429323909493,1.4973918984780992,1.04655959346312,0.03104084350315039,0.2529368775948739,0.2347746269818867,1.1526473986238701,1.98425167140078,1.945611636621545,0.32330023804369556,0.644120663020159,0.31036657368788595,0.6333930624759888,0.10642590527374651,0.02793223598972056,1.3968090120810919,0.01123941227710402,0.28382234460304834,0.724733465631148,0.01998611898941352,0.030712239031937046,0.41529495560363977
0.4158669058351158,0.6926353788128541,0.026917714917464492,0.3891313689075291,1.6130623770482269,0.3453410660237942,0.46229571185791285,2.558255096403274,0.19007248792100237,0.32893733906888867,0.15461271589388934,0.8697865109402579,0.04347751056695666,0.03393243493865546,0.7867840131174152,1.705808369476162,0.8366492644545709,1.650027943619348,0.2808646572410377,0.27207579355213324,1.8117235176690383,1.3419548856338173,0.35041655268623323,2.3540750199994736
0.3014880864995753,0.563986960598095,4.476134070885096,0.3435968958373444,1.4265268602943488,0.7274372100594321,0.7915129684040247,0.5994761349317222,0.054884097232792736,0.9065950738627729,0.04253655171949624,0.71773507217731,1.100190514622878,0.47392213174632053,0.8751386728511796,0.9299342680042629,0.2753740910573229,1.6210590932368885,3.7075771071983086,0.31207593926918276,0.05393347354885924,1.551963396133488,1.43550677393395,0.2709591297612849
1.8746384377794831,0.3167880280829742,0.46049678037723357,1.1476412086355594,0.46079445638154765,0.8293551508388372,2.0794060872296636,1.0145184610303808,3.028900371307267,0.35185147240148806,0.3737373918036728,3.3120597260569986,5.404338609000095,1.570664921990388,1.6210646218723253,1.4242169981942716,0.01836645346271353,0.13937568105569947,0.7826409740257977,1.5439843161391276,0.7412194034732925,0.24440722564087225,0.15178941584327324,0.38563288966755477
0.25126555903870207,0.2614080324318119,0.09525042995169383,2.688563786397652,0.510338627433904,1.8714096306529604,0.8433063804925683,0.01514549588138143,2.0065423731175693,1.9520610354817953,1.8692384097246986,0.0775340039083742,1.7720609236191507,0.0430417440169842,0.09097936643831704,0.08402676881782917,0.6594455833688467,0.2502805342253194,0.21005763695722696,0.7658650484920609,0.8945568946424296,0.01609137753194661,0.5590240207763469,0.31437654713598845
0.6613377718157759,0.6891715380262534,1.5950785581648084,0.212669341233768,4.681850803312723,0.3367063676419801,1.0790971206057638,1.618935910486229,0.37900238116132295,1.943728370426304,0.4211581557611125,0.06145207905613193,0.3048871408757218,0.7571068640948833,1.3942892174053336,2.219128248833772,2.137465764365678,0.3214024837073252,0.6803248144689803,0.316976028474307,0.3143416742291271,0.1208515653532235,0.9067660031845278,0.3694819698024072
0.22870290791440778,0.15220655879063105,0.5697747600832685,1.349192322224185,0.7611613463778968,0.3856668518213205,1.49512050899059,0.6238098731704428,0.3361604665266408,2.652723146013793,0.9770160953511748,0.5086253812508005,0.19711991257242675,0.14920447289009545,0.18453805138333085,0.12611418554040568,0.6619419234277842,0.7683026347395979,2.128491176367821,0.8134631390200568,0.4589202402124228,0.20769400690163223,0.4102728317017784,0.7309464644940276
1.357757430849331,1.3977698841367756,0.08319464550200707,3.3002138447869425,0.030936699825444988,0.2551468590452821,3.9821519067341873,2.5012506872828597,1.8944925338949286,0.20666642347420308,2.6082241947209157,1.0398167876398752,0.9332560746587208,2.0942555504320737,1.4175071539090145,1.1552214812410189,2.73129616492746,1.316335795606632,0.7623900410967637,3.2385594005875746,0.12371497064502127,0.1882829210021112,0.1851187047235466,0.9861021425934088
0.17600706664549468,1.1271323122899555,1.3936010752929586,2.061283051340823,1.4941257783886501,0.054062660140967916,0.8635845882868021,1.9122980504897304,0.1264558415502352,0.3178871138260936,0.14366326847751723,0.9121993918063702,1.1725912335834534,0.141761293478122,1.9557573401489214,0.6734317268484206,2.513403007742592,1.6124090209774185,1.84412868119657,0.5262036476350179,1.094103501503847,3.4920545799992886,0.12278654685487697,0.8047004952125111
0.7464287066257893,0.6750496968536513,3.5757879507543118,1.405795130807426,0.09311090583579591,0.12784880775852983,0.28509075406568113,0.6003775997254827,2.1353390763107556,0.8252210191998754,2.7543929425623004,1.6289873748804913,1.3218723467310192,0.28715996547739153,0.17603405072487122,3.0563613056611243,0.058158071363557974,1.8529446773873621,0.468815132403656,1.3836797093684559,1.49180265243705,4.068589522169114,1.4796123559523224,1.4467644601723033
0.20634181065707846,0.9318344543328171,0.5593170671666038,1.087397133776232,1.6459733022329333,1.6501608209254683,0.7024099357011035,2.058399813227025,0.45889442253926926,1.1136063185728893,0.5222599875026765,0.4663538979199287,0.5027110284615152,1.3746708334370088,1.8096846166185991,0.468849011494712,0.42432075102141736,0.7064647639159195,0.18148603001864622,0.5548157538341917,1.2945187285472817,0.1327643217117301,0.9407099531007234,2.1732900722149386
0.07610773992037068,0.5437605494115568,0.9989774176774363,0.7919173761212388,1.8618381430323991,0.7106287272037695,2.811624573343657,1.7583299670760775,0.3724851635057803,0.03858936624303975,0.1874667134433206,0.18348797650919296,0.814253580012402,0.6677362321001636,0.15262898070033076,2.4712232461378623,1.3572228751480722,1.985847533786546,1.062521038902331,0.11142819504221424,0.4617184113245137,1.6135497670138603,3.4302448845398645,1.056182743942013
1.6335216490701352,0.18948309665376747,1.407012124766094,0.07249735117079589,0.49744001230680607,0.5422113003693366,0.6649330881485606,1.5762175598548496,1.7004624334295233,1.6268895256341014,0.5977809388792381,0.9975951207817604,0.309757077278123,0.46713935788245015,1.7567473330082801,0.8546113198259572,0.40400863136610354,0.6444187300203653,0.029406899713181174,1.0685967414945057,0.5845816874758247,0.5568422898022969,0.418743601116241,0.21192041481322602
1.3221302185116706,0.9295388467192097,1.4126503443026344,0.7147791198862904,0.2390672641618356,0.8537266342600672,0.5503449380624543,0.6713361113498187,0.03257083815449191,0.7709582624138053,0.042868976248848195,0.16885368794665864,1.3839305500657817,2.1400130162610895,1.3818232581301821,1.8459488710555576,2.54627854255592,0.7448302587885803,0.07239469762385195,0.7331751982985363,0.1214174518659777,0.28338133817245226,0.6332832588798155,0.7124530840891113
0.20014584908361935,2.04493032856732,0.5726118562705725,0.07685285036685868,0.13370202585999347,1.2544530408177557,0.41764690415389105,2.6503870066177164,0.7224740567091509,0.25330013404337204,2.3799359947389194,0.38031417925724653,0.47239266075899433,2.652533317597437,0.6215414310274318,0.24078500331399147,2.476680208047047,0.030978156013528154,0.5657211554331757,0.22365671596809406,0.6598958644576467,1.090642831101175,0.1571286863755264,0.2311455871310379
0.933639928551888,0.1012194534220635,0.950635971273285,1.095552608581556,1.138459310655882,0.07808459657264737,0.46905630766346557,1.0054108625727283,0.1928216846602461,2.3236221839510525,0.5251277345526258,1.653453635249156,0.3843004385671132,0.6151675914194425,1.749014028869463,0.33353821211219786,0.1490097930478647,0.08294035122036118,2.817661108397627,0.3583064978429367,0.30207840834685856,0.22919011331369007,1.6012351099638034,0.8024360302807062
0.7487062444048442,0.3630668983990444,1.457321817011302,3.123443855469986,3.0712884744482314,0.1763874587613725,2.39930878016628,0.43480590880240205,0.20199600169823512,3.0073881537703926,1.9333538782611006,2.9424129277914295,0.13759549407793528,0.05011443074136177,1.2896760244993872,0.955003144574854,1.2672448487039727,0.8683586357046519,1.1173421547878624,0.1892888384594804,0.5240665937940541,2.711425566800785,1.8345169767339324,0.33688813282595176
1.6912161307321245,0.49787651529713,0.32553410660599846,0.0049074927708324615,5.367467838072762,1.6789680531182472,2.2233897304964647,0.9565576771323822,1.1106298834692006,0.4990415558855453,2.0069660486566163,1.7293220450078062,0.2574734172133401,1.9082350088823206,0.7694034724134743,0.8550157402021811,1.3584540964695824,0.6334911609950661,2.443551131704437,0.21236503502465698,0.8390314719443194,1.687363062013591,0.433769132430557,1.3283673153160056
1.483219544213593,0.3619938727287523,0.831297338056203,0.936642437557166,0.4080704381496638,0.5344595308546658,0.848372753847404,0.4595374592230513,1.678529863701212,1.8143176266444083,0.20193720169129722,1.480854468488714,0.3610994140513004,1.1922443164629846,1.2674694572545195,1.3813167022992392,0.9532586085468788,0.5777087352589918,0.2646181742692111,0.7405758386931623,0.18356509366307014,0.12275997890649619,0.151916077064973,0.7656110993396942
1.5917331858608843,0.4750280949898997,0.8512943984867831,0.953114482995131,1.2815201339235045,1.5352470570240517,1.508536377755028,1.1180882383268174,0.05369206529751144,0.9375056393782664,0.786053350111228,0.4797886201367027,0.4882695258060061,0.638853903782015,0.4422316932144359,0.670235345281361,0.18064886010757758,0.16013694808210735,1.1429204288904453,0.4959975778890695,1.0487571153996973,0.46363948010300676,0.3287543935420208,1.1646643194720507
0.5119758757384621,0.7528111026932569,0.9505664585078537,0.31889086564422536,0.4449954022692025,0.9863909256456013,1.4837223272181561,2.1814308904777793,0.5907788806853963,2.774764938522078,0.2235895087682423,0.8700524255811212,1.1588837280764464,0.41872765941400975,0.6146212175507102,0.4319418120734874,1.1036761576747878,0.13623822385740464,0.1849669719816474,1.0879406671158116,0.2872847357383066,0.1928083713191524,5.059872292509237,0.6829688401270047
1.6215544374688606,4.49145451533948,0.12521998576537288,0.06264981088867366,0.10937360454611285,1.2178536953448638,1.1830983507075803,1.6230850012663651,0.3669342844522769,0.741140639741957,0.1435722446364613,0.13079447757643425,0.9330158491212788,0.37768905960420596,0.04228964016099692,1.5072956304062588,2.7153675989688493,0.009606601888505447,1.481055299896486,2.3437594414566485,0.22023860072822787,0.17609958383651267,0.62005735657832,1.1686619264734661
0.10863090949049177,0.5586372737323152,0.5192102592322979,0.11797382559925348,0.6291334713084077,2.6335635175747445,0.9424262464707194,1.7190973025538767,3.1974255857037974,0.210818565411741,0.5445891847083382,0.7943625387423956,0.21340679235027457,0.40737309759008716,0.6144042347321504,0.8455014210705663,2.1939687894045408,0.05110814674998592,6.000539088373316,2.0183215880311587,3.320793357255098,0.018230183831498204,0.6745575555688528,0.3578679937012715
0.24662577338306518,0.3663797891789962,0.3263236878242737,0.21899063530149038,1.1661607333025559,3.0343916764788745,1.1148438880770801,0.07729842086208707,3.2571486129412897,2.2238975733272293,2.5167726664768635,0.6690838488547458,0.11882894297503939,0.3475598085263811,1.5616167115308275,1.3385252629114357,0.26903261867286793,1.0121745581805603,1.1132772419294035,0.552075655046349,0.6725348717617736,1.5023627254124268,0.5450161176215773,0.5870312501462417
0.23516175287470553,0.16290547444019232,2.0244836041307424,2.2387646242348613,1.425763383850817,0.7801047684343424,0.9081774055093801,0.028907169759959946,1.6764248105703563,1.1618790987420982,1.5315718621912775,0.6033293517749939,1.8528587173331674,1.735046996925704,0.23256972770611198,0.981196452401988,5.117677197006881,1.715227437207774,2.361592353669688,0.28121359772270965,3.003303775369286,0.5040372615073563,0.0003646511003987739,0.13805587096047617
1.6664512966985228,0.062449979724676315,2.521830521841477,0.17860295204243204,0.26246330665119605,0.657586724580723,0.1647277532311106,0.12625593697641288,0.1351837414431015,2.878538499131682,0.9283068295574631,0.7052491905272192,1.8919583594372988,0.11813833580409033,0.9617772892428159,1.635363941568988,0.729811709842602,0.3904256026091033,0.7128523165812723,0.4236480294378339,2.024286491578408,0.24250223658564954,0.6843602958708394,4.796352776614529
0.08610009348734722,0.25899769833872643,2.222351508033366,0.3455662163621367,1.4486327849133378,0.006949859414923326,1.1548669446745439,0.23889204660503077,4.0319033636542345,2.0680196401387576,2.31191722700457,0.11571995104469858,2.8634660826574354,0.5748620686923919,0.0020438637230692797,2.7860977223637198,0.9427059536978444,0.17030414993352488,0.1849675504469706,0.03591619352065273,1.2376923113501066,1.1426687170099254,0.0752734339385783,0.20973602141331404
0.16259664966295106,1.005566384323043,1.4577250156217556,0.48980297200596695,0.7619061838592129,0.7045220484333365,1.2963934083929205,0.14419000695173806,0.3096863497006714,1.0986243279795276,0.6457909529753535,0.08630797032867606,0.5464156256498014,0.43922386379738837,0.3887230464260682,1.112441618338101,1.188504511526603,1.5033765223139752,0.1563937007006147,0.7660795538002816,1.1799760098432293,0.4363123604849252,0.04854079058121656,0.5683673911516797
1.0435685819193337,1.3825246190758427,0.7706439153873278,0.5967665852078073,0.27238819564334343,0.1821729914095892,0.7047592668903668,1.3958973444089626,0.2605946223496465,1.4946635462419249,0.9052258440295616,0.05501422712496588,0.8625639197544905,0.2220933687291759,0.7215128779246399,0.42835475497425995,0.7965801838599732,0.8643419312353289,0.5243417499503502,1.218834867495113,0.450298536041296,3.1852229216828656,0.07535207849102891,1.0554009641859212
0.7720753509248214,0.20272947683325598,1.0556978340772862,1.8661133356390185,0.9887877778193909,1.1199260999483298,0.4534821911708272,2.267912399500784,1.0362139844124545,1.2590552309702887,1.066724036815232,1.9439339648569667,0.4343883600660047,2.677799120710042,0.774071224935242,0.09002784251723085,0.47289908946103587,0.07914760281042371,0.6354847159275292,4.7946267951562485,0.9466485837747921,0.16457452085408833,0.6879161016017642,0.3986449194207016
1.406458296244347,0.31684354183561686,1.8657061757199969,0.7725582594164875,0.08268556371533677,4.834103997909815,1.8343791344863702,0.0585196923930796,0.00773814002869912,1.7129101121844736,0.10153160808792934,0.03006633520706151,0.6005237073259426,0.12313535034990838,0.28949363840404707,0.7133421464281741,0.15884552642336244,0.0819988838707374,1.420281866927617,0.3439476733086003,0.7650132335671159,1.8113894386085179,0.270974310707969,0.008527590058836363
0.9314006069980363,0.2719269498407736,0.5331900501239253,2.4421534383846617,1.0563013218591941,1.6765718950444726,1.0320632946257566,0.552542178142012,0.016932513763934218,2.07996787260448,0.894546945234048,0.05719936541730071,0.3190610954034942,2.388113032424055,0.13395447887868964,0.783506221080456,0.03673162781303589,1.5288475857825914,0.15475258156160135,2.279876990055823,1.290459280041734,1.4262715392258487,0.5860902846320107,1.0362836204645895
0.5767469276351959,0.2136462594571502,1.607967689384733,0.00920725356900168,0.6655369808336289,0.020429494448552715,0.3426966631377279,2.7841672835454396,0.12442864197265928,0.045905782271042785,1.0331465167377607,0.5723571536020727,0.8141176888563655,0.48156271151351476,0.7143960829874766,0.508602651379968,0.39627249804367576,0.05043925251548998,0.7604716731131929,0.2473485238158522,0.043065998633676106,1.7618383729482083,0.3685854288137569,0.22894647268594998
1.66141322503769,0.5971958131175251,0.6636388697740135,1.7271068992196172,0.18855796029219796,0.33835377331464206,2.3261571247521555,0.7415810829745778,0.654324679146659,2.0411989994869613,1.172496233857425,1.0020320277107029,2.756989776725762,2.654462932808629,1.6295472923622325,2.2363394143021122,0.4932411951678921,0.35038208746267596,0.1644600049313018,0.17586570874184784,1.327393883266652,1.7678208127948483,0.30833374367029215,0.5107489673488704
3.0838512648293417,0.5195345588838685,1.2693917298372,1.6149661826465624,1.5619044663809825,0.7369085892814953,0.5447036788366938,1.2293601010159674,0.44233263226806985,0.2309369669221911,0.5853769860626769,2.2270543335726405,2.9053022083006805,1.7446066889475103,0.1131335369647453,0.8758074879142044,0.5149481704722146,0.848640300850661,1.2495242352718976,0.33946780634715706,2.092249918351067,3.489459892377502,0.8585559393764369,0.023010344941815628
1.5002922921120725,2.7487675231246262,0.7299734860843635,0.31125670530502275,0.945058065838437,0.20455017402301623,0.2642106068719422,0.7708565456216925,1.56296904139352,2.185126040802094,0.7305599194885678,1.5031920132924914,0.2674014248222555,2.2862528426745636,1.3858063791524031,0.24293983016001458,0.8221256784394837,1.2851810179542222,3.1007981783313032,0.8199684619829128,0.19543763219959576,0.8449257621348271,1.9927117382494541,1.084139214983412
0.468596184537913,3.9167980209643827,1.1595770208383465,0.05894443769234785,1.4451149756038966,0.30305700130359764,0.5797114906838579,0.44697351299562643,0.10496460711029118,5.962881383498766,0.08943599675670377,0.8060026316153929,0.786018454362016,2.23276230575192,0.6620854357486032,0.40176841326317864,1.4485144319085246,0.2005635451782472,0.2162025258410927,1.6366409225097491,0.38078501516999613,0.2609243382746987,3.4158756145616964,0.05327205662045882
0.43654757542445827,0.3777298112313176,0.3022167584369725,1.4309220442556925,0.389511300007625,1.5604864852187639,2.78760807369898,4.041248004847417,0.3428690447821873,1.4987220022496348,0.42753333867838694,0.05026908147991374,0.3532685404681007,0.6963224628528977,0.5450022331432101,0.13376453559637952,1.5430170104020395,0.2776730655853756,0.46008359816336597,0.2650861306607329,0.6294435928477956,0.04058893123944569,0.06951343660080123,0.026045424773823368
0.6718410239875131,0.4508040410472695,0.2444676849564062,0.6320988852970957,1.066358001443786,0.29410727750078114,0.5811003717715701,0.6961243237037285,1.4743312200641758,1.5009777713335704,3.0596861411256473,1.5576341614073437,0.4193148309995754,0.1405247638135377,0.10021392265343097,0.014289159896692398,0.005807632004456379,3.3827812618316253,0.13434798285598257,0.3767987782386896,1.1472791180341888,1.0156051468453893,1.788838897290051,0.47910008859536685
0.41793422373387895,2.0674016874808125,3.710239289883213,0.09378074325446265,1.0685503345872096,0.34384076322055773,0.5467324342732216,0.3990931719723057,0.24168046732861015,0.7043435101024023,0.06911998908126835,1.563181800400235,3.39930779294539,0.9669018836791408,0.8341265391387385,0.6678447314206652,1.4597789524233917,1.0854483729254545,0.3578881616271046,0.20299544921071944,0.14201200990294421,0.5811205212705542,0.08535799262500234,1.307061781639431
0.47753834298336495,0.5806243824991644,5.3080631537325,0.40305242173753736,0.7255437449372781,0.7342376634488856,0.40223807323827987,0.9181813982856706,2.151797922752721,0.22051830769831968,1.3802080371047623,0.0524074609295078,0.902295499235056,0.9992910256982086,0.6609030889333476,0.39190862018655076,0.07321444857717122,0.37658678877740187,0.8281062775706555,1.28332146489699,0.6493748029685324,0.4710823862913358,1.119002894711627,4.430458399585143
0.08157335269778104,0.33189745755081546,0.4819593286073636,0.2564518313571946,0.13390666877301025,1.6137908246764574,1.267784040357659,0.6052831872808941,0.3824998313578772,3.1316464809847107,0.5595865729088705,0.11881939436595282,0.7121814965113643,0.19909786084440123,0.30143723357358654,4.7293587229818925,1.1098434052092045,0.44967644701905707,3.9031097219852846,1.3325367515486588,2.2078692776576117,0.6368096282102781,1.0207208981382263,2.9063930259306128
0.40844165241449965,0.16177154506786737,2.6863534188433413,0.29090096336899945,0.5892523231767106,1.119559717896577,0.24381693368209115,0.3047817822368586,0.0578693248772066,0.008661496734793897,1.3430886578439776,0.4028781411417649,1.0592495636928139,3.7092003895469,0.7970239583397525,0.1758006497535658,0.12790232531833656,1.8650598197968373,0.3996117824355943,2.2742602104607084,0.0411959460810383,3.1913639318168907,1.2820053269566576,0.33821650213259663
0.18174958626450388,0.6851736621783487,0.7425887934839212,0.8201041704068663,2.3793239509365005,0.7034096654226948,2.734532389036337,1.3408127117921278,0.36501401243830983,6.481419222447124,2.3428436323101036,1.0657645576213324,0.06950053975007764,0.3002212198884468,1.9102708484445778,0.5975291333633614,0.10098720809260861,0.7456527429168764,0.6786168783323782,0.705519979465804,0.3507069511929003,0.9462288139595346,0.023714934850495795,2.164607114098258
2.0522780239540763,2.958820452042709,0.34822197621129447,0.9062955812880967,0.314452296116532,0.009736953568865057,2.799599303980496,0.7988429818268094,0.5586076845446846,1.4782058917817624,2.3780009440466006,4.677949365905389,0.14733627720677558,0.24667203272551633,0.10652397009143043,0.4630318916396007,2.320842716913237,2.932084901397159,1.3477712954046177,1.8920014573317285,3.304305827346351,0.6376085492881028,2.944422170647282,0.010385205767839259
1.7677716156970928,0.06327612569286767,2.2111647927063127,0.7390433176743604,0.7808516091042548,0.10074395680064419,1.9591051802776418,0.629000158876502,0.05552875749910198,2.0624960886769097,0.03139278365617518,2.0073353969589425,1.5739930688564505,0.7422858445965986,0.3208328705865808,0.3058426389546241,2.1461952447362362,0.19660043929135906,1.3548370802412486,0.11252423365621815,0.5675305807044619,0.6471008652912642,0.4520405974354885,0.6998857319475541
